id;test_status;test_score;security_level
1;peripheral adventurous;32355.83;LOW
2;abaft;24730.11;LOW
3;brr duh output;9442.71;HIGH
4;grit;21772.25;HIGH
5;nor;13459.03;HIGH
6;outsmart about watchful;15843.47;HIGH
7;at;17337.75;LOW
8;but;3301.46;HIGH
9;sympathize gaseous fumbling;2215.81;HIGH
10;of resist;410.26;MODERATE
